CL_ID TRAIN_DS_SIZE ACC PREC RCL F1 ROC 
0567 0.4674 0.0000 0.0000 0.0000 0.4057 
1563 0.7191 0.0000 0.0000 0.0000 0.5000 
2602 0.6867 0.0000 0.0000 0.0000 0.5000 
3625 0.6250 0.4792 0.8214 0.6053 0.6703 
4606 0.6585 0.0000 0.0000 0.0000 0.5000 
5582 0.7059 0.4750 0.8261 0.6032 0.7437 
6579 0.6579 0.0000 0.0000 0.0000 0.5000 
7592 0.6375 0.0000 0.0000 0.0000 0.5000 
8562 0.7500 0.0000 0.0000 0.0000 0.5000 
9575 0.6625 0.0000 0.0000 0.0000 0.5000 
10575 0.6786 0.0000 0.0000 0.0000 0.5000 
11603 0.4757 0.4000 0.5714 0.4706 0.4906 
12543 0.6875 0.0000 0.0000 0.0000 0.5000 
13532 0.6458 0.0000 0.0000 0.0000 0.5000 
14553 0.6437 0.0000 0.0000 0.0000 0.5000 
15582 0.6634 0.0000 0.0000 0.0000 0.5000 
16585 0.6098 0.0000 0.0000 0.0000 0.5000 
17561 0.6477 0.0000 0.0000 0.0000 0.5000 
18614 0.6438 0.0000 0.0000 0.0000 0.5000 
19569 0.5517 0.2500 0.0571 0.0930 0.4709 
20593 0.6593 0.0000 0.0000 0.0000 0.5000 
21579 0.6438 0.0000 0.0000 0.0000 0.5000 
22573 0.5256 0.0000 0.0000 0.0000 0.5000 
23593 0.5432 0.0000 0.0000 0.0000 0.5000 
24586 0.6533 1.0000 0.0370 0.0714 0.5185 
25597 0.7123 0.0000 0.0000 0.0000 0.5000 
26584 0.6154 0.0000 0.0000 0.0000 0.5000 
27582 0.6207 0.0000 0.0000 0.0000 0.5000 
28591 0.6279 0.0000 0.0000 0.0000 0.5000 
29586 0.5977 0.0000 0.0000 0.0000 0.5000 
30592 0.7128 0.0000 0.0000 0.0000 0.5000 
31577 0.6154 0.1429 0.1000 0.1176 0.4466 
32604 0.6444 0.0000 0.0000 0.0000 0.5000 
33592 0.6383 0.0000 0.0000 0.0000 0.5000 
34567 0.7097 0.0000 0.0000 0.0000 0.5000 
35619 0.6774 0.0000 0.0000 0.0000 0.5000 
36549 0.6795 0.0000 0.0000 0.0000 0.5000 
37629 0.6452 0.0000 0.0000 0.0000 0.5000 
38519 0.5833 0.0000 0.0000 0.0000 0.5000 
39601 0.6988 0.0000 0.0000 0.0000 0.5000 
40598 0.6705 0.0000 0.0000 0.0000 0.5000 
41616 0.7368 0.7857 0.6111 0.6875 0.7306 
42567 0.6076 0.0000 0.0000 0.0000 0.5000 
43601 0.4667 0.0769 0.0345 0.0476 0.3868 
44555 0.6044 0.3333 0.2414 0.2800 0.5078 
45606 0.7108 0.0000 0.0000 0.0000 0.5000 
46614 0.5632 0.2500 0.0938 0.1364 0.4651 
47584 0.5444 0.3548 0.3438 0.3492 0.4995 
48572 0.5942 0.0000 0.0000 0.0000 0.4556 
49605 0.5897 0.0000 0.0000 0.0000 0.5000 
50577 0.7051 0.0000 0.0000 0.0000 0.5000 
51612 0.6744 0.0000 0.0000 0.0000 0.5000 
52577 0.5897 0.0000 0.0000 0.0000 0.4510 
53591 0.5714 0.2500 0.1818 0.2105 0.4659 
54556 0.6000 0.0000 0.0000 0.0000 0.5000 
55551 0.7465 0.0000 0.0000 0.0000 0.5000 
56579 0.7333 0.0000 0.0000 0.0000 0.5000 
57564 0.6400 0.0000 0.0000 0.0000 0.5000 
58567 0.7000 0.0000 0.0000 0.0000 0.5000 
59599 0.5875 0.0000 0.0000 0.0000 0.5000 
60602 0.6125 0.0000 0.0000 0.0000 0.5000 
61551 0.5412 0.3182 0.2258 0.2642 0.4740 
62566 0.6707 0.5385 0.7000 0.6087 0.6769 
63573 0.5824 0.3500 0.2188 0.2692 0.4992 
64604 0.6154 0.0000 0.0000 0.0000 0.5000 
65604 0.6667 0.0000 0.0000 0.0000 0.5000 
66595 0.6629 0.8000 0.1212 0.2105 0.5517 
67587 0.7882 0.6250 0.8929 0.7353 0.8148 
68559 0.6522 0.0000 0.0000 0.0000 0.4412 
69575 0.6078 0.0000 0.0000 0.0000 0.5000 
70620 0.6571 0.0000 0.0000 0.0000 0.5000 
71588 0.6000 0.0000 0.0000 0.0000 0.5000 
72623 0.6444 0.0000 0.0000 0.0000 0.5000 
73580 0.5455 0.3784 0.4516 0.4118 0.5241 
74590 0.6310 0.0000 0.0000 0.0000 0.5000 
75581 0.6118 0.0000 0.0000 0.0000 0.5000 
76565 0.6277 0.0000 0.0000 0.0000 0.5000 
77580 0.5698 0.2941 0.4348 0.3509 0.5269 
78547 0.6630 0.0000 0.0000 0.0000 0.5000 
79580 0.6374 0.2000 0.0333 0.0571 0.4839 
80572 0.6512 0.0000 0.0000 0.0000 0.5000 
81597 0.6056 0.0000 0.0000 0.0000 0.5000 
82605 0.5750 0.0000 0.0000 0.0000 0.5000 
83591 0.7531 0.0000 0.0000 0.0000 0.5000 
84569 0.6338 0.0000 0.0000 0.0000 0.5000 
85589 0.6264 0.0000 0.0000 0.0000 0.5000 
86610 0.6769 0.0000 0.0000 0.0000 0.5000 
87619 0.8353 0.7222 0.5909 0.6500 0.7558 
88576 0.7273 0.5161 0.6400 0.5714 0.7010 
89570 0.7125 0.5476 0.8519 0.6667 0.7467 
90550 0.7470 0.0000 0.0000 0.0000 0.5000 
91594 0.6463 0.0000 0.0000 0.0000 0.5000 
92611 0.6000 0.0000 0.0000 0.0000 0.5000 
93623 0.6282 0.0000 0.0000 0.0000 0.5000 
94596 0.6907 1.0000 0.0323 0.0625 0.5161 
95579 0.6970 0.0000 0.0000 0.0000 0.5000 
96580 0.5556 0.0000 0.0000 0.0000 0.5000 
97572 0.6667 0.0000 0.0000 0.0000 0.5000 
98624 0.6753 0.0000 0.0000 0.0000 0.5000 
99591 0.7500 0.8750 0.2692 0.4118 0.6254 
100501 0.5842 0.0000 0.0000 0.0000 0.5000 
101559 0.5844 0.0000 0.0000 0.0000 0.5000 
102621 0.6250 0.0000 0.0000 0.0000 0.5000 
103590 0.6633 0.5652 0.6667 0.6118 0.6638 
104569 0.6184 0.0000 0.0000 0.0000 0.5000 
105608 0.7065 0.0000 0.0000 0.0000 0.5000 
106579 0.7363 0.5682 0.8333 0.6757 0.7609 
107561 0.6627 1.0000 0.0345 0.0667 0.5172 
108573 0.5556 0.0000 0.0000 0.0000 0.5000 
109545 0.4930 0.0000 0.0000 0.0000 0.5000 
110586 0.6667 0.0000 0.0000 0.0000 0.5000 
111587 0.6279 0.0000 0.0000 0.0000 0.5000 
112567 0.6933 0.0000 0.0000 0.0000 0.5000 
113533 0.6750 0.0000 0.0000 0.0000 0.5000 
114590 0.6528 0.0000 0.0000 0.0000 0.5000 
115617 0.6737 0.7778 0.1944 0.3111 0.5803 
116589 0.7326 0.0000 0.0000 0.0000 0.5000 
117604 0.6308 0.0000 0.0000 0.0000 0.5000 
118563 0.6122 0.0000 0.0000 0.0000 0.5000 
119596 0.7209 0.0000 0.0000 0.0000 0.5000 
