CL_NUM ACC PREC RCL F1 ROC 
0 0.6503 1.0000 0.0656 0.1231 0.5328 
1 0.6159 0.0000 0.0000 0.0000 0.5000 
2 0.6400 0.4574 0.7818 0.5772 0.6784 
3 0.6905 0.0000 0.0000 0.0000 0.5000 
4 0.6643 0.0000 0.0000 0.0000 0.5000 
5 0.8256 0.9310 0.4909 0.6429 0.7369 
6 0.6845 0.0000 0.0000 0.0000 0.5000 
7 0.6434 0.0000 0.0000 0.0000 0.5000 
8 0.7037 0.0000 0.0000 0.0000 0.5000 
9 0.6291 0.0000 0.0000 0.0000 0.5000 
10 0.6467 0.0000 0.0000 0.0000 0.5000 
11 0.6736 0.0000 0.0000 0.0000 0.5000 
12 0.7857 0.9000 0.3913 0.5455 0.6850 
13 0.6405 1.0000 0.0984 0.1791 0.5492 
14 0.6786 0.0000 0.0000 0.0000 0.5000 
15 0.6645 0.0000 0.0000 0.0000 0.5000 
16 0.6647 0.0000 0.0000 0.0000 0.5000 
17 0.6937 0.0000 0.0000 0.0000 0.5000 
18 0.6429 0.0000 0.0000 0.0000 0.5000 
19 0.6812 1.0000 0.0638 0.1200 0.5319 
20 0.6316 0.0000 0.0000 0.0000 0.5000 
21 0.6894 0.0000 0.0000 0.0000 0.5000 
22 0.6603 0.0000 0.0000 0.0000 0.5000 
23 0.7126 0.0000 0.0000 0.0000 0.5000 
24 0.6370 0.0000 0.0000 0.0000 0.5000 
25 0.6807 0.0000 0.0000 0.0000 0.5000 
26 0.6438 0.0000 0.0000 0.0000 0.5000 
27 0.7055 1.0000 0.1273 0.2258 0.5636 
28 0.6786 0.0000 0.0000 0.0000 0.5000 
29 0.6765 0.4643 0.6500 0.5417 0.6687 
30 0.6486 0.0000 0.0000 0.0000 0.5000 
31 0.6645 0.4528 0.5217 0.4848 0.6241 
32 0.6013 0.0000 0.0000 0.0000 0.5000 
33 0.6250 0.0000 0.0000 0.0000 0.5000 
34 0.6541 0.0000 0.0000 0.0000 0.5000 
35 0.6752 0.0000 0.0000 0.0000 0.5000 
36 0.6407 0.0000 0.0000 0.0000 0.5000 
37 0.6908 0.0000 0.0000 0.0000 0.5000 
38 0.6903 0.0000 0.0000 0.0000 0.5000 
39 0.6579 0.2308 0.0667 0.1034 0.4866 
40 0.6736 0.0000 0.0000 0.0000 0.5000 
41 0.6319 0.0000 0.0000 0.0000 0.5000 
42 0.6556 0.0000 0.0000 0.0000 0.5000 
43 0.6067 0.0000 0.0000 0.0000 0.5000 
44 0.6241 0.0000 0.0000 0.0000 0.5000 
45 0.6479 0.0000 0.0000 0.0000 0.5000 
46 0.6730 0.0000 0.0000 0.0000 0.5000 
47 0.6507 0.5091 0.5385 0.5234 0.6256 
48 0.5971 0.0000 0.0000 0.0000 0.5000 
49 0.6412 0.0000 0.0000 0.0000 0.5000 
50 0.5987 0.4000 0.1034 0.1644 0.5039 
51 0.6433 0.0000 0.0000 0.0000 0.5000 
52 0.6584 0.0000 0.0000 0.0000 0.5000 
53 0.6882 0.9091 0.1613 0.2740 0.5760 
54 0.9038 0.8776 0.8269 0.8515 0.8846 
55 0.5349 0.3900 0.6724 0.4937 0.5687 
56 0.7212 0.5895 0.8889 0.7089 0.7533 
57 0.8659 0.8000 0.6512 0.7179 0.7967 
58 0.6552 0.0000 0.0000 0.0000 0.5000 
59 0.6897 0.0000 0.0000 0.0000 0.5000 
60 0.6687 0.0000 0.0000 0.0000 0.5000 
61 0.6667 0.8333 0.0833 0.1515 0.5370 
62 0.6828 0.0000 0.0000 0.0000 0.5000 
63 0.5132 0.2653 0.2549 0.2600 0.4492 
64 0.6463 0.5366 0.6875 0.6027 0.6537 
65 0.5786 0.4579 0.8448 0.5939 0.6353 
66 0.6534 0.0000 0.0000 0.0000 0.5000 
67 0.6806 0.0000 0.0000 0.0000 0.5000 
68 0.6549 0.0000 0.0000 0.0000 0.5000 
69 0.8107 0.8400 0.6364 0.7241 0.7793 
70 0.6815 0.0000 0.0000 0.0000 0.5000 
71 0.6370 0.0000 0.0000 0.0000 0.5000 
72 0.6757 0.0000 0.0000 0.0000 0.5000 
73 0.6909 0.0000 0.0000 0.0000 0.5000 
74 0.6648 0.0000 0.0000 0.0000 0.5000 
75 0.6410 0.8182 0.1429 0.2432 0.5607 
76 0.7529 0.5904 0.8596 0.7000 0.7794 
77 0.6291 0.0000 0.0000 0.0000 0.5000 
78 0.6755 0.0000 0.0000 0.0000 0.5000 
79 0.6169 0.0000 0.0000 0.0000 0.5000 
80 0.7123 0.5758 0.4043 0.4750 0.6314 
81 0.6905 0.0000 0.0000 0.0000 0.5000 
82 0.6533 0.0000 0.0000 0.0000 0.5000 
83 0.6234 0.0000 0.0000 0.0000 0.5000 
84 0.6364 0.0000 0.0000 0.0000 0.5000 
85 0.6099 0.0000 0.0000 0.0000 0.5000 
86 0.6012 0.0000 0.0000 0.0000 0.4667 
87 0.6645 0.0000 0.0000 0.0000 0.5000 
88 0.6964 0.6875 0.3492 0.4632 0.6270 
89 0.6474 0.0000 0.0000 0.0000 0.5000 
90 0.7484 1.0000 0.2642 0.4179 0.6321 
91 0.7226 0.0000 0.0000 0.0000 0.5000 
92 0.7097 0.0000 0.0000 0.0000 0.5000 
93 0.7250 0.8000 0.0851 0.1538 0.5381 
94 0.6164 0.0000 0.0000 0.0000 0.5000 
95 0.6233 0.0000 0.0000 0.0000 0.5000 
96 0.7218 0.0000 0.0000 0.0000 0.5000 
97 0.7032 0.0000 0.0000 0.0000 0.5000 
98 0.6725 0.4828 0.2545 0.3333 0.5626 
99 0.6273 0.0000 0.0000 0.0000 0.5000 
100 0.6564 0.0000 0.0000 0.0000 0.5000 
101 0.6215 0.0000 0.0000 0.0000 0.5000 
102 0.6807 0.4949 0.9423 0.6490 0.7519 
103 0.6864 0.0000 0.0000 0.0000 0.5000 
104 0.6164 0.0000 0.0000 0.0000 0.5000 
105 0.7284 0.0000 0.0000 0.0000 0.5000 
106 0.6645 0.0000 0.0000 0.0000 0.5000 
107 0.5562 0.0000 0.0000 0.0000 0.5000 
108 0.6685 0.0000 0.0000 0.0000 0.5000 
109 0.6946 0.0000 0.0000 0.0000 0.5000 
110 0.5949 0.0000 0.0000 0.0000 0.5000 
111 0.6214 0.0000 0.0000 0.0000 0.5000 
112 0.7303 0.0000 0.0000 0.0000 0.5000 
113 0.6144 0.4082 0.4000 0.4040 0.5592 
114 0.6690 0.0000 0.0000 0.0000 0.5000 
115 0.6250 0.0000 0.0000 0.0000 0.5000 
116 0.6449 0.0000 0.0000 0.0000 0.5000 
117 0.6853 0.0000 0.0000 0.0000 0.5000 
118 0.6500 0.0000 0.0000 0.0000 0.5000 
119 0.6732 1.0000 0.1935 0.3243 0.5968 
120 0.7329 0.0000 0.0000 0.0000 0.5000 
121 0.5943 0.0000 0.0000 0.0000 0.5000 
122 0.6831 0.0000 0.0000 0.0000 0.5000 
123 0.5652 0.0000 0.0000 0.0000 0.5000 
124 0.6792 0.0000 0.0000 0.0000 0.5000 
125 0.6483 0.0000 0.0000 0.0000 0.5000 
126 0.6438 0.0000 0.0000 0.0000 0.5000 
127 0.6687 0.0000 0.0000 0.0000 0.5000 
